596717
3603677
5899211
8383475
8824069
9388605
9692565
11854845
19581233
19666600
23181629
24985890
28766274
29890884
31707520
31987079
32033163
32350968
32356254
33266245
34081694
35528871
35897399
35927299
36006075
36009325
36022849
36022887
36977137
37611669
37629607
38744651
39023045
39894081
39903573
40133123
40410677
40600763
43142361
45069939
46007097
48442957
48520591
48664853
48715519
49702152
49863584
49863846
50031096
50284972
50850202
50869600
51554164
53212443
53220413
53220435
53223821
53223829
53223831
53259879
54355103
54515535
54698365
55303863
55418019
57155797
57229575
57975539
59057453
59904815
60096925
60289617
60772077
61063177
61063197
61063209
61063229
61063235
61063317
61219061
61613247
61822021
62157157
62266609
62368501
62863907
62989893
63269783
63428919
63466859
63613019
63623449
63623519
63780579
64521189
64774049
64988109
65242709
65256659
65410279
65410709
65411489
65418979
65418999
65733229
65733499
65733999
67587789
68735219
70207159
71321659
72616069
72622759
72979859
73826539
75207929
76520439
77271719
77890469
78292189
80379959
80820699
81034379
82156329
82321259
82536459
84763289
84764619
85887949
86430229
87639529
87751899
87761499
89127889
89159149
89423429
90384149
90572149
90867749
91100119
91887759
92262939
93144099
93243519
93276999
93391989
93413379
93591359
93650429
94131419
94134999
94138479
94629669
94702849
94842589
94967069
95156799
95195839
95262259
95309689
95312139
95329259
95333139
95333149
95366119
95386979
95386999
95615079
95655979
95736679
95737199
95752849
95782729
95912459
95912489
96015719
96104219
96123459
96333539
96470109
96548639
96567119
96589459
96603439
96763999
96768879
96770749
96871089
97359729
97525009
97551539
97713449
97750199
97888549
98072439
98105149
98110589
98195529
98681379
98823109
99022679
99050009
99153459
99170689
99192829
99193099
99587349
99593979
99628269
99629619
99824809
99825399
99830119
99874899
99945759
99996049
99997969
102206189
103445529
107011299
108634479
110017019
111357459
111358009
111358169
111359299
111360599
111361359
111361559
111362709
114680699
114681079
114681269
114681369
114681489
114681629
114685199
115003819
115135799
116150029
116150429
116764829
120328579
122838019
122842659
123457859
123461379
124616859
124640079
124649629
124656289
124667939
124667949
124729019
125171649
125205799
125216769
125226839
125226859
125522169
125531239
125552199
125559619
125650659
125659329
125659339
125955859
126366649
126374759
127748999
127757419
127757439
127960429
129374349
129908749
129967349
130046629
130302689
131888399
132735489
132769779
133113419
134426349
134799679
134983559
135513239
136444669
137253259
137342419
137723959
137874119
138818849
138840209
139170019
139213549
139248149
139426169
139722899
139754189
139809879
139942559
140150209
140498329
140624859
141523189
141880909
141972569
142108499
143545409
144715909
145917949
148187339
148193619
148193659
148193779
151216429
155180899
155713399
155717619
157349159
157563079
157919949
158083669
158084769
158085749
158087429
158099159
158099479
158547729
159476169
160019559
160042669
161280409
162333949
162696949
162747029
162755449
163183249
163584789
163916179
163977709
164228239
165617669
165736069
165740039
165760119
165774859
165786969
166158479
166832329
168192099
168622449
168643329
168708829
168880069
168895239
168996349
169093319
169095559
169101259
169596929
169683259
169684919
169774289
169774809
169774949
169775149
169776589
169776769
169777479
169777719
169777829
169778239
169778619
169778779
169779379
169779459
169779559
169779839
169780279
169780519
169780649
169781009
169781339
169781459
169781679
169781949
169782409
169782659
169782899
169783309
170130269
173093389
174694129
174937549
175255539
175257839
175258839
175259409
175259949
175263239
175264499
175265719
175266199
175267209
175267749
175268739
175269939
175272659
175273729
175274209
175275099
175277659
175285319
175286359
175286819
175287769
175288439
175305689
175309229
175310109
175377119
177044289
177047509
177048929
177049049
177571919
178015829
178024619
178024699
178062529
178068739
178083919
178084019
178089919
178345839
178345899
178345939
178357499
178357779
178396349
178400739
178400959
178410419
178424659
178439579
178439729
178544879
178568589
178569239
178576679
178576749
178584299
178597449
178763969
178773619
178778549
178781089
178781319
178797479
178808589
178811029
178811139
178817169
178829629
178968519
178974649
178975289
178976649
178978369
178986309
178988429
178994219
178996369
178996439
179004429
179004549
179008489
179141499
179142239
179142299
179143669
179146659
179146729
179148219
179174849
179176189
179176249
179179149
179207729
179207789
179208759
179209529
179209899
179209959
179210979
179213249
179213669
179215299
179219339
179221779
179239749
179242419
179247609
179289169
179295799
179295859
179335949
179336039
179336979
179368789
179419139
179424519
179512159
179512559
179517689
179517769
179518419
179525569
179526989
179527059
179529749
179529819
179543609
180100479
180805719
180862029
181476559
181482629
181484169
181662039
181675149
181709289
181717989
181895189
181899819
182200339
182207109
182429059
183084139
183696049
183696619
183696939
183697589
183697829
183697979
184498539
184940719
186741669
187073799
187097739
187315399
187738089
187942449
188705619
188716589
189001309
189042609
189209799
189421069
189421279
189502139
189599489
189619479
189660349
189661949
189663589
189663649
189775109
189842639
189872579
189874119
189878919
189880879
189887209
189889849
190344729
190812039
191245279
191556409
191642979
192486049
193152909
193768019
194316529
194390149
194758489
194874409
194938949
194952319
194993879
195010909
195340069
195488659
195818489
195896459
195902959
195930609
196813699
197139719
197587379
197658379
197660709
197662929
197663559
197669629
197672969
197675399
197679049
197680519
197720009
197721389
197728249
197927909
198671489
199367799
199906649
200323899
200507709
200919609
201165339
201218399
201315949
201446659
201676459
201720219
201933709
202105299
202369039
202715759
202747649
203267479
204134729
204151709
204372929
204773679
205121219
205140909
205303959
205563549
205769669
205951949
206242199
206275669
206438389
206982379
208191979
208426119
208473749
208663299
209100989
209684279
209684459
210083029
210181399
210309709
210314959
210325619
210457089
210579439
210581389
210582939
210587159
210588309
210590199
210591319
210594599
210595409
210596029
210663539
210842349
210892509
211071349
211254839
211293489
211415589
211456139
211522259
211666509
211691239
211995309
212065619
212204649
212254519
212349909
212359659
212476439
212486039
212570049
212572609
212872269
212893689
213115229
213228599
213497159
213659119
214061879
214139449
214280729
214471379
214481319
214509219
214986219
214987179
215143069
215212919
215843099
215857509
215964899
216030089
216157399
216186309
216191629
216229549
216332649
216385589
216473489
216625039
216632049
216654289
216681919
216771399
216773449
216911419
216915299
216920459
216949079
217067009
217075039
217110889
217123389
217125939
217140689
217312789
217360809
217365589
217534719
217693619
217713599
217905459
218183939
218419899
218440069
218599289
218600999
218775669
218797419
218802029
218909149
218919439
218983039
219054639
219055339
219179569
219235609
219355489
219407829
219419319
219542209
219729749
219800519
219999089
220044339
220061779
220074419
220079749
220168079
220281159
220421859
220426869
220452479
220456189
220558419
220560759
220587279
220625399
220758749
220772159
220780939
220784879
220892129
221050299
221069779
221210979
221222609
221226609
221258999
221263989
221439179
221546399
221551059
221570809
221579929
221589009
221694599
221926889
221932929
221958779
222237539
222404439
222425249
222565039
222565809
222603319
222632759
222666199
222926589
223042269
223064809
223233239
223284819
223294189
223319099
223423659
223463219
223466489
223466789
223493109
223494429
223544559
223591829
223596549
223600669
223603069
223634339
223641089
223642539
223647229
223648849
223662959
223672759
223676439
223686069
223694499
223734309
223795149
223802499
223808839
223814539
223824329
223825009
223869099
223881669
223883739
223885999
223890679
223895179
224255989
224294699
224446549
224650999
224652919
224666719
224671349
224671639
224674409
224687479
224688579
224697239
224811449
224816279
224816939
224846999
224853929
224862039
224877499
225014479
225093949
225145339
225147299
225270749
225285569
225285939
225288259
225297199
225300789
225301609
225328669
225330039
225415439
225449739
225475979
225483739
225484619
225491139
225497299
225508359
225622969
225648559
225657199
225660019
225660179
225684689
225700109
225710219
225711899
225769039
225803189
225820979
225822839
225835009
225842269
225852769
225856109
225856319
225857959
225863319
225883369
225965519
225968699
225969209
225979349
225979809
225980819
225981079
225981179
225981919
225984469
225984699
225999639
226059079
226112289
226114939
226121489
226124049
226126109
226136809
226147889
226154829
226202749
226255949
226295809
226302529
226311549
226320649
226321209
226334259
226336769
226468569
226489199
226491969
226492149
226503509
226516959
226525709
226527009
226533459
226616599
226681159
226681739
226686429
226687159
226694049
226695419
226701509
226710689
226710969
226714139
226726409
226878439
226887049
226887499
226910979
226985929
227017379
227202989
227221149
227227699
227298259
227329499
227381379
227413049
227415639
227426609
227507539
227531449
227572269
227572599
227575159
227584649
227585629
227603119
227610889
227611759
227628299
227670849
227731949
227878799
227889959
227894259
227896769
227910649
228070119
228073489
228084739
228087569
228088689
228093539
228094709
228094849
228095749
228101549
228140359
228204809
228238849
228242539
228252829
228258839
228264709
228272049
228274479
228278109
228284519
228329189
228404219
228439349
228441969
228448989
228456739
228456889
228474569
228501529
228525009
228581239
228636089
228640299
228644039
228644489
228648639
228650489
228659289
228675379
228760079
228779899
228783459
228820479
228822489
228822639
228836509
228839329
228843009
228848829
228854869
228983909
228990969
228991639
228995639
229008599
229014899
229089679
229259949
229259979
229271349
229275639
229277419
229279689
229279849
229280129
229287189
229292249
229292929
229297189
229300829
229455979
229459799
229464979
229468309
229468459
229470669
229483299
229613139
229652449
229652719
229657499
229662889
229663639
229679289
229680789
229683239
229690669
229697259
229798619
229814499
229855369
229860669
229863169
229865199
229883989
229887529
229891929
229892159
230018169
230040089
230047749
230048409
230051979
230060979
230070839
230176779
230191699
230194799
230196039
230196959
230200809
230204309
230223359
230338409
230343089
230344009
230347149
230349119
230351549
230376739
230505569
230515529
230522279
230538669
230540069
230617999
230668509
230726699
230734869
230801649
230843649
230882869
230887859
230916409
230953259
230956729
230979879
230987719
230988019
231156089
231166519
231167149
231175359
231176529
231178149
231204689
231391149
231523219
231533359
231536919
231546449
231556269
231728739
231734139
231946179
231974369
232083899
232121079
232157009
232158779
232163729
232188269
232341659
232347479
232348389
232360249
232364259
232371469
232375709
232379369
232383829
232562819
232642259
232677349
232732659
232805979
232840409
232856069
232888759
232892419
232917219
232930419
232940319
232941709
233096469
233104369
233124209
233133719
233305939
233306499
233313859
233328419
233344949
233478499
233516739
233520939
233529179
233549639
233556729
233682559
233686679
233689229
233690869
233697129
233704099
233705169
233751879
233828419
233890479
233944969
234030089
234058939
234097779
234209249
234218749
234263419
234294449
234301169
234421979
234440309
234453329
234456779
234459779
234462989
234463849
234464959
234524189
234588449
234603509
234644919
234650129
234703529
234915449
234916579
234917609
234918229
234918649
235099819
235234349
235334789
235512669
235906479
236396239
236654839
236657679
236714289
236923029
236983399
236994369
237045839
237124079
237127559
237138029
237141889
237216359
237560469
237811649
237832489
237834389
238042569
238046739
238050009
238110389
238328459
238333179
238374879
238483049
238484189
238516779
238558359
238612219
238690039
238760849
238788069
238835183
238884673
238952843
238955943
238958793
239093423
239096643
239097123
239126113
239130013
239133643
239145643
239145903
239150603
239153203
239154703
239164273
239166583
239241333
239241373
239245433
239245583
239250243
239262713
239281873
239282103
239282753
239434063
239471773
239509993
239521293
239623843
239631823
239661303
239733933
239739753
239747923
239816413
239938843
239973703
239993683
240022723
240022823
240023163
240113413
240113873
240114263
240114343
240118033
240118343
240118583
240118753
240133393
240183283
240184783
240185553
240336213
240336653
240375323
240546923
240673323
240674503
240689433
240754753
241361783
241376913
241414713
241465123
241465613
241466543
241466843
241467293
241467773
241468483
241468833
241469223
241558703
241568033
241836393
241898173
241964313
242234573
242284333
242361393
242515063
242548133
242600633
242601473
242602693
242614113
242615753
242616453
242675283
242692063
242694163
242762863
242764263
242764463
242768103
242775723
242827743
242827963
242828633
242888063
242889203
242905683
242914793
242914973
242935253
243021743
243066033
243101343
243105523
243106103
243125803
243165643
243258623
243381563
243478173
243512703
243532963
243581263
243581503
243779693
243994703
244013433
244067173
244074413
244141973
244143283
244197843
244313433
244363563
244542263
244544013
244544093
244666523
244703493
244789773
244791013
244967563
244969543
245050933
245052393
245063103
245063863
245066303
245072343
245075773
245123563
245162473
245162783
245163133
245163543
245199903
245200903
245206713
245207953
245208693
245211513
245212533
245214883
245215613
245218593
245219723
245220263
245232643
245408553
245408653
245423063
245552173
245574513
245640943
245642263
245698033
245819363
245834223
245926373
246015703
246026343
246034163
246063953
246065003
246065063
246124253
246304163
246306843
246309643
246310933
246310993
246311243
246314513
246339983
246341743
246413023
246447933
246449223
246470713
246718523
246753783
246760673
246763753
246806803
246819403
246822513
246824673
246825643
246827623
246829553
246865533
247008443
247011583
247035213
247158503
247169563
247169623
247195543
247265803
247278853
247281533
247315643
247478723
247570753
247572023
247576233
247618993
247662893
247667923
247773403
247789093
247826473
247854413
247855193
247915083
248165993
248176303
248177153
248203703
248216433
248259203
248269563
248362373
248381423
248422503
248422523
248422563
248505963
248529443
248545283
248570553
248595613
248595773
248725703
248811893
248869583
248898343
248948133
248986533
249011043
249090963
249112223
249126673
249133173
249166853
249167123
249353503
249360213
249407873
249483363
249536153
249730063
249745813
249749363
249758463
250006713
250156143
250186253
250240433
250311763
250311843
250409453
250410273
250423563
250431373
250443943
250446943
250471743
250473673
250627753
250687773
250843023
250872503
251009593
251010663
251011543
251036193
251036993
251168213
251198643
251219083
251232103
251244363
251345893
251345983
251346073
251362013
251565123
251583853
251589523
251598223
251601913
251609143
251615803
251621523
251829203
251860523
251879003
251981123
251999753
251999783
252067173
252091523
252091573
252091613
252192893
252209363
252220433
252366963
252388713
252392063
252429853
252429863
252429913
252429963
252439393
252440383
252489203
252550503
252557803
252579613
252610503
252630773
252638503
252638523
252643003
252751393
252757333
252784343
252785553
252785563
252805393
252815673
252844073
252946553
252963963
252990823
252993823
253021323
253026173
253034833
253161573
253218023
253243363
253316923
253341283
253395063
253454503
253473693
253480253
253504083
253504193
253519423
253519433
253536093
253540023
253541203
253549933
253551183
253774523
253849163
253887313
253902073
253915083
253939093
253942663
253943633
253944053
253944413
253948553
253952333
253975423
253997523
254017093
254044413
254044453
254044503
254199053
254253703
254256723
254277393
254277503
254307863
254391163
254420803
254422393
254441423
254467363
254504043
254527863
254527883
254527903
254527943
254606313
254661343
254669583
254671673
254675683
254799463
254823023
254825123
254825203
254988223
255004113
255022113
255024083
255130713
255217173
255250943
255254363
255279433
255295773
255383433
255389443
255397263
255403853
255414603
255416773
255422123
255434473
255436063
255446513
255464913
255468823
255489843
255584073
255599533
255603443
255608833
255617563
255626733
255649683
255742643
255755723
255766533
255768983
255776173
255778443
255780753
255782533
255784293
255785183
255791243
255886103
255904583
255981343
256011013
256030913
256031133
256031273
256120033
256132563
256153833
256161663
256171163
256174773
256181303
256181483
256257383
256278173
256313583
256322833
256325993
256337863
256345553
256439773
256457203
256470313
256470523
256470633
256508233
256537933
256558533
256569823
256585623
256590783
256595863
256597503
256653003
256665733
256681433
256682913
256684043
256740273
256740323
256740343
256740533
256740573
256740603
256740653
256740693
256811043
256829533
256833183
256840033
256847613
256852173
256876963
256888283
256912793
256945533
256945553
256945593
256945643
256945693
256945713
256945973
256946023
257054043
257054853
257072433
257082613
257110763
257150283
257155873
257155943
257198503
257239653
257272443
257425653
257440763
257447883
257454233
257508053
257655873
257678633
257679583
257807593
257883523
257887853
257903353
257906613
257916813
257921033
257969433
257985563
257987973
257988103
258030633
258093913
258111483
258117653
258118593
258149223
258160443
258174503
258186933
258187243
258195723
258212413
258251063
258251273
258251943
258258363
258259083
258260983
258264543
258266883
258267813
258327533
258355323
258356293
258357563
258361383
258364733
258368563
258369033
258392673
258471593
258500773
258501613
258513903
258539953
258542243
258543933
258547753
258548113
258548123
258555413
258572573
258644723
258662513
258678203
258680033
258699403
258715033
258727053
258737853
258746833
258751493
258763273
258776433
258795573
258806863
258815033
258892413
258895193
258899913
258911583
258926733
258926763
258936883
258945923
258947483
258950213
258959703
258985903
258991123
258999383
259009043
259010643
259011123
259053653
259140083
259143543
259147923
259150143
259162393
259174373
259185153
259187413
259194423
259195703
259218903
259234913
259242673
259244873
259248583
259253643
259259683
259259723
259373483
259375253
259375573
259392373
259398993
259409613
259419783
259438303
259445973
259478123
259492713
259565083
259580803
259590333
259666953
259736493
259795573
259801363
259812083
259813573
259938893
259946783
259951473
259957763
259961393
259963483
259968183
259982193
259983573
260008633
260015103
260018853
260029983
260040193
260092593
260117233
260117723
260126673
260169673
260204823
260205393
260218513
260224833
260227723
260229563
260235913
260236893
260239443
260255293
260266103
260267393
260336713
260346513
260347733
260362933
260380613
260392393
260404163
260416873
260456363
260458943
260476043
260477913
260497603
260505903
260565843
260626703
260628313
260635203
260648753
260664993
260669743
260675793
260681863
260683333
260685533
260730013
260766483
260791873
260801923
260808363
260812983
260827523
260844533
260849453
260850163
260853133
260854433
260857333
260863003
260885743
260896813
260902453
260930493
260930953
260970103
260972583
260991223
260991973
261014853
261134363
261155223
261159733
261163643
261165923
261166843
261167993
261193293
261195553
261201993
261209023
261231533
261234513
261310393
261321203
261343933
261375463
261375863
261381353
261387833
261391993
261406213
261483393
261523213
261577053
261587933
261591373
261593883
261610733
261613343
261624103
261664813
261669973
261670253
261680573
261685873
261718723
261752713
261767223
261772243
261779383
261783053
261812783
261817043
261847043
261861963
261870843
261872363
261903983
261958803
262018023
262033083
262037653
262039633
262044753
262112423
262184723
262284313
262305303
262307773
262320433
262325843
262333593
262340723
262341923
262355643
262382043
262389073
262394333
262410833
262412543
262491243
262525993
262537093
262553283
262570953
262575053
262579573
262580713
262586403
262586973
262593523
262595253
262596203
262602793
262694583
262697003
262768233
262773453
262781663
262784783
262785653
262786213
262787653
262787773
262792063
262792963
262794013
262794373
262796013
262796033
262796603
262797453
262799173
262799263
262799833
262800273
262802273
262803153
262803553
262804363
262806093
262806463
262807173
262814643
262821313
262821483
262848183
262878833
262880173
262901173
262907573
262937283
262948833
262966373
262970673
262971483
262976793
262977043
262977643
262977833
262977963
262980163
262980493
262980563
262980993
262981723
262984143
262988053
262991523
262992693
262998573
262999743
263027153
263028383
263031233
263041253
263049313
263064303
263091333
263091353
263091373
263091483
263105823
263131183
263134503
263162943
263197853
263231783
263237503
263344153
263355423
263385033
263389053
263399393
263430893
263446363
263466253
263545503
263545583
263545633
263558993
263645703
263664023
263668773
263682073
263711123
263713223
263713363
263713963
263714173
263714673
263720573
263723353
263728313
263734693
263735273
263735643
263738983
263739713
263740483
263743113
263755113
263760473
263760603
263766123
263773863
263775243
263780783
263794073
263799763
263800053
263804353
263804573
263866773
263871503
263884643
263887973
263894873
263947913
263961483
263998043
264005783
264006663
264007013
264010783
264011743
264012623
264033113
264093493
264106773
264121203
264139993
264142383
264164033
264164213
264171143
264208953
264215213
264216163
264225283
264305113
264306003
264307893
264311243
264316223
264316953
264344843
264369283
264377743
264412183
264427153
264435123
264448083
264467723
264490643
264497433
264500493
264521193
264629883
264631443
264637673
264674643
264677643
264686933
264704953
264736043
264744293
264784713
264787213
264787233
264787343
264787973
264819683
264824103
264825233
264832673
264842783
264842843
264847243
264882143
264882503
264886283
264887863
264919823
264921493
264922523
264927173
264932543
264942683
264943553
264950993
264951203
264951483
264951523
264951643
264951743
264951863
264951923
264952103
264952413
264953763
264954043
264955293
264955413
264955503
264955853
264955943
264956683
264956783
264956963
264957043
264959233
264959393
264959633
264962143
264964783
264969923
264970223
264981273
264990363
265060293
265060323
265064813
265065273
265080443
265095183
265096003
265111653
265113203
265114403
265132813
265133613
265159643
265181313
265191123
265204523
265223203
265228743
265249733
265251593
265257573
265258533
265259473
265262183
265262773
265263563
265273113
265280683
265293343
265296303
265320983
265321623
265347413
265350743
265376313
265402663
265409963
265412183
265428693
265456923
265458383
265459253
265459443
265459853
265459873
265459903
265460023
265460093
265460173
265463983
265473083
265473993
265478723
265478763
265480323
265481533
265490923
265491683
265492223
265509033
265542943
265548863
265549133
265549273
265549583
265584203
265596203
265610753
265615353
265634183
265634273
265635093
265635423
265639083
265639693
265640803
265641453
265649733
265651123
265684953
265744853
265786633
265797963
265806063
265818053
265822543
265823263
265823983
265826693
265829283
265830683
265831143
265831923
265832513
265833123
265833813
265834233
265834463
265834823
265840333
265847303
265847373
265867203
265914913
265922653
265945233
265951643
265973913
265979533
265980693
265980833
265980913
265980973
266010673
266024583
266027953
266030063
266031283
266044203
266048923
266051883
266053883
266054373
266055083
266119623
266139783
266146563
266156743
266160513
266172153
266178613
266183353
266184383
266184513
266184563
266194023
266195893
266199043
266200233
266200813
266201133
266202853
266203483
266205903
266206443
266213673
266216433
266218543
266228603
266235353
266251663
266267353
266286813
266311433
266322133
266327333
266328643
266336813
266339743
266346863
266347153
266363043
266368093
266380593
266382703
266383693
266391803
266429143
266471963
266473483
266487543
266487613
266487643
266487723
266489943
266497673
266504203
266510953
266514263
266521963
266522593
266524993
266529083
266540673
266548613
266564793
266597783
266626623
266629753
266640073
266643013
266646393
266647843
266677243
266694293
266698993
266702223
266703593
266710973
266716943
266717343
266718143
266720293
266728823
266732583
266734083
266734573
266735703
266736993
266738933
266744583
266744613
266744623
266744703
266751503
266783723
266795573
266809003
266816923
266843243
266875603
266904253
266913583
266936923
266940653
266942573
266950083
266958533
266967513
266969313
266972003
266992793
266993113
267014393
267022403
267029543
267053113
267059253
267059303
267076313
267106213
267117493
267126333
267129453
267132143
267132193
267141953
267141983
267142003
267142053
267142693
267152503
267154293
267162623
267172843
267175223
267177943
267187433
267190663
267190703
267202143
267202153
267202183
267202253
267202273
267202343
267202733
267202753
267202773
267202883
267202903
267203043
267206043
267206113
267206173
267206253
267206273
267206323
267206343
267209743
267209753
267209763
267209773
267209793
267209813
267209823
267209833
267209843
267209853
267209863
267209883
267209893
267209903
267209913
267209923
267209943
267209963
267212563
267212613
267212663
267212673
267212733
267212753
267212803
267212823
267212883
267212963
267213103
267214633
267214683
267214713
267214753
267214773
267214803
267214823
267214893
267214943
267217163
267219103
267219213
267219633
267219683
267219693
267219723
267219943
267219963
267219993
267220023
267220133
267222093
267226423
267243073
267244403
267256883
267258863
267272743
267272863
267278413
267305933
267307733
267313193
267317423
267318193
267326443
267331763
267332293
267345073
267345283
267345533
267345553
267347793
267350323
267354963
267355823
267357133
267369723
267400973
267402583
267415833
267419593
267420343
267420363
267420853
267421343
267421363
267428813
267439173
267445403
267453843
267455753
267458023
267470013
267475213
267476263
267483393
267485923
267486143
267494753
267505933
267507493
267508213
267508323
267532523
267540733
267542423
267542993
267548103
267549393
267553163
267553963
267555513
267566233
267571643
267571663
267579443
267614023
267625283
267635873
267639343
267639353
267639963
267639983
267641113
267641133
267641613
267644123
267650353
267652053
267653853
267653883
267653923
267655203
267659903
267665553
267671403
267673063
267678233
267678253
267678293
267680573
267680593
267680633
267681453
267681463
267682153
267686573
267686583
267686603
267686613
267702003
267718773
267742173
267742363
267767073
267778883
267779103
267785793
267792043
267796923
267815433
267832843
267836523
267839903
267840303
267841363
267842833
267845853
267901563
267929453
267934873
267950903
267959123
267961763
267968163
267968283
267985893
267988943
267993043
268003123
268007493
268008603
268013693
268015893
268018393
268019663
268021583
268044883
268048783
268146423
268161733
268173303
268178653
268179773
268186233
268190533
268190773
268195733
268199273
268203033
268206773
268210453
268215053
268216093
268232983
268252043
268298333
268306433
268313363
268315103
268320733
268325333
268331663
268357713
268367203
268369813
268374383
268377373
268381063
268381353
268382383
268383103
268391303
268407753
268415773
268417403
268421703
268425193
268426083
268440703
268443023
268451283
268454323
268461573
268489173
268492123
268507573
268507603
268507653
268507693
268508253
268520303
268525543
268531283
268535813
268537903
268539783
268545473
268547093
268551453
268551873
268553743
268558053
268558933
268561383
268561393
268569493
268569653
268587003
268594803
268603723
268613163
268613513
268613773
268613983
268624973
268652593
268659573
268666413
268671083
268672663
268673283
268673543
268684523
268694223
268707473
268721833
268733653
268735813
268743533
268743553
268743573
268743603
268746403
268746443
268777883
268777983
268778003
268778043
268778053
268781503
268781523
268781543
268781573
268781623
268787993
268790773
268794553
268797493
268798243
268798253
268798293
268798363
268798403
268798443
268800503
268801953
268810973
268819703
268823853
268831803
268832573
268838163
268845273
268859973
268860943
268862163
268871843
268879323
268883003
268889763
268895103
268895743
268958613
268978113
268981313
268993013
268995333
268997663
269001283
269009023
269022413
269032393
269044783
269055273
269056523
269089173
269089393
269094523
269151773
269151903
269152093
269163323
269170323
269182883
269196543
269203943
269219733
269242923
269246673
269249983
269250553
269256153
269257143
269262473
269270133
269270343
269272063
269292093
269294153
269295853
269326133
269329953
269333683
269352543
269379693
269382283
269400453
269404033
269404273
269404533
269406643
269412843
269423163
269424663
269429353
269430293
269431593
269452243
269461833
269467713
269493513
269496143
269501543
269506023
269507783
269513983
269514063
269514803
269534803
269578663
269583393
269583633
269586103
269590763
269593523
269595953
269598443
269599213
269602783
269606023
269614733
269621343
269647403
269657553
269666963
269667533
269667793
269669273
269672703
269674733
269678153
269687263
269690153
269695063
269696963
269717323
269727623
269744323
269747653
269815123
269817043
269840123
269843153
269843363
269843563
269852813
269861873
269865183
269865593
269867863
269868303
269870023
269870073
269870123
269871663
269873573
269887403
269888183
269888253
269888303
269892673
269900263
269900963
269906513
269909093
269909103
269912143
269912153
269912253
269916273
269917663
269919023
269919613
269941153
269949333
269954523
270043913
270045123
270049003
270049553
270050663
270052403
270054993
270055933
270057003
270057763
270060463
270073553
270074543
270079893
270088823
270089853
270092503
270097553
270101353
270103973
270105943
270108963
270109683
270110623
270111253
270113273
270116813
270118173
270118653
270124923
270142613
270223943
270228083
270238503
270239213
270239663
270245693
270248213
270257983
270259243
270261733
270264613
270267373
270269913
270273243
270274993
270279653
270283393
270295873
270296213
270300133
270303033
270304053
270304443
270313013
270320303
270327963
270328003
270330713
270333973
270341643
270343463
270344233
270348213
270350193
270351753
270364843
270417613
270438593
270442183
270455003
270457703
270459973
270461523
270462943
270465693
270468333
270476163
270477213
270477263
270478233
270479993
270483913
270488833
270493973
270497373
270510713
270519523
270519593
270528943
270535863
270535873
270535893
270535913
270535923
270540753
270548073
270556783
270570553
270576303
270589973
270594553
270601053
270603083
270603153
270603223
270609063
270609533
270617883
270624213
270627003
270630743
270634683
270634923
270635713
270636393
270636653
270637953
270644003
270644983
270645143
270648713
270649753
270655653
270658523
270684703
270691283
270695133
270698533
270701433
270705403
270705433
270713893
270718133
270721783
270722173
270722433
270725323
270726503
270728353
270728383
270728503
270729063
270729963
270730073
270731393
270731713
270733813
270734533
270734643
270735483
270735553
270735723
270738013
270757193
270763543
270774483
270789103
270797623
270826253
270866773
270902223
270913313
270914943
270921233
270928103
270928193
270928683
270939943
270940493
270940903
270941423
270942763
270947743
270949573
270949633
270950253
270951823
270954093
270957003
270960673
270961673
270963723
270977553
270984913
270985803
270986643
270993613
270996103
270998493
271000993
271001493
271004643
271077173
271080243
271086523
271103563
271104163
271112193
271112313
271119823
271122193
271124223
271141683
271143293
271146813
271148743
271149963
271155623
271157243
271157343
271158403
271159453
271160033
271163743
271164283
271167143
271169113
271171083
271172153
271172313
271172873
271174373
271175823
271178893
271183103
271183223
271183903
271193453
271208373
271212973
271213603
271215963
271244353
271250783
271261113
271303413
271304093
271306423
271315193
271315553
271320293
271321993
271327723
271328443
271336433
271336583
271350793
271355353
271355373
271355383
271355983
271356513
271360293
271360763
271360883
271361533
271361563
271367333
271369003
271372743
271374443
271375773
271376023
271379653
271380273
271386733
271390443
271395613
271409903
271431613
271452763
271453353
271457973
271474803
271480153
271485453
271486093
271486303
271486593
271488153
271488973
271498773
271498823
271503823
271507013
271507403
271509073
271514243
271514873
271515053
271515533
271520183
271520653
271520903
271522613
271523343
271524183
271525023
271525973
271527843
271529643
271533133
271533433
271535233
271535753
271535903
271537233
271537503
271537513
271537733
271539023
271539373
271541763
271542603
271543363
271545733
271549723
271556903
271563903
271564243
271564973
271594103
271612893
271612903
271612913
271623943
271631733
271637463
271642383
271643663
271647343
271647963
271648943
271650053
271652123
271652843
271657223
271661663
271662233
271665603
271666333
271668113
271668273
271670943
271672753
271673093
271674533
271674663
271676513
271678153
271679413
271679563
271680143
271680283
271681143
271682133
271682193
271682913
271683153
271683173
271683193
271683793
271684023
271684143
271684163
271684183
271690163
271691483
271708733
271729973
271732263
271735053
271738093
271751683
271752543
271763323
271764183
271765383
271772403
271776493
271787693
271791323
271800343
271801753
271803693
271811263
271818053
271827923
271861103
271870293
271870303
271870323
271870333
271870343
271870353
271870373
271873153
271873183
271873253
271873273
271875213
271875253
271877533
271879463
271882003
271891733
271894793
271899253
271904013
271904233
271908753
271909153
271909853
271910983
271915033
271915553
271916133
271924133
271925813
271926003
271926183
271928403
271928663
271929843
271929903
271929933
271930693
271930873
271932223
271932263
271932293
271932323
271932353
271932383
271932483
271933283
271933293
271933303
271933323
271933343
271933843
271933873
271933883
271933893
271933913
271941003
271945463
271947593
271948633
271949263
271949883
271962983
271962993
271969583
271989043
272000483
272004303
272005963
272006343
272008493
272014493
272033743
272038003
272040413
272046483
272053313
272057563
272063583
272064783
272066763
272069773
272072583
272073053
272080543
272085723
272087343
272090333
272095423
272097563
272098233
272098773
272099133
272099833
272103283
272107213
272107533
272108703
272117073
272117103
272117843
272117923
272119323
272120793
272132593
272134633
272135303
272140003
272141013
272144303
272147983
272151443
272152113
272154223
272156853
272158413
272164133
272165283
272165683
272169723
272178423
272178943
272233423
272235033
272236983
272252833
272259463
272266543
272274643
272279893
272293553
272293953
272294553
272299813
272301613
272303423
272303743
272304293
272305693
272316673
272316923
272317063
272319273
272325353
272329843
272332443
272338473
272340553
272348103
272350863
272351903
272353933
272409203
272414383
272420603
272422243
272425503
272429693
272435353
272437673
272439913
272440993
272442343
272445063
272448103
272448753
272449163
272453283
272454753
272455883
272456253
272456543
272457833
272458203
272467863
272470053
272470633
272472443
272474863
272475503
272479553
272479883
272481343
272481723
272482403
272484443
272484853
272485283
272486493
272488013
272498823
272499003
272499903
272507593
272510263
272510733
272514723
272521793
272566623
272573783
272586823
272592663
272593653
272594853
272595183
272595663
272596573
272606623
272607223
272608613
272613093
272614953
272622053
272624463
272626313
272626363
272628343
272630283
272630363
272630963
272631283
272632173
272633053
272634303
272635743
272638573
272641593
272641813
272647433
272647893
272648403
272648893
272649193
272649233
272652883
272673883
272682193
272690743
272693183
272693533
272697303
272697363
272701723
272702883
272703293
272703993
272708333
272710023
272714323
272722563
272740123
272757563
272760533
272760563
272763413
272765563
272765753
272773523
272773973
272774783
272776213
272782903
272783013
272783533
272783593
272784483
272787453
272788183
272789153
272790123
272793763
272795503
272796243
272796803
272798863
272799723
272800193
272804433
272819363
272830413
272837943
272838013
272843123
272849353
272886883
272888953
272889873
272890853
272891233
272892373
272893663
272899213
272900143
272903403
272907063
272910763
272911053
272911833
272911983
272913753
272917193
272917563
272917873
272918563
272918623
272923723
272924133
272929973
272931153
272931923
272933313
272933933
272934163
272935123
272936913
272940933
272943713
272944693
272951423
272956433
272958153
272961023
272963073
272965253
272969043
272971763
272972463
272982993
272983383
272984213
272986773
272987603
272988853
272993753
272997173
272998223
272999813
273001663
273004103
273006203
273006993
273010843
273015673
273019533
273022573
273024173
273026323
273047303
273058233
273061443
273061463
273072573
273072643
273075903
273086143
273086813
273100523
273103493
273111613
273112563
273113513
273113823
273113953
273118013
273122963
273124673
273127233
273127993
273132173
273133023
273133323
273133363
273134983
273141023
273147013
273148663
273148673
273151493
273152043
273152083
273152123
273154583
273158323
273158693
273158823
273159663
273160553
273161993
273164453
273165013
273165683
273167343
273169273
273170023
273170123
273170473
273172523
273174213
273174313
273180373
273180633
273181113
273181863
273187023
273187243
273187503
273190273
273190743
273194643
273197303
273199193
273202903
273204733
273212233
273224363
273231083
273234363
273238083
273255503
273264333
273282863
273285753
273288453
273289243
273289393
273298713
273302363
273306243
273307603
273307753
273312783
273324863
273328413
273331693
273332753
273334023
273336173
273336913
273338193
273338473
273342903
273343373
273352103
273352193
273352883
273354453
273355023
273359233
273360323
273360673
273366073
273367603
273374263
273376083
273389603
273392333
273412283
273431473
273432483
273437813
273458483
273458713
273464703
273467333
273467353
273470283
273470843
273474773
273479213
273479503
273481073
273487803
273488353
273493073
273494783
273498033
273498043
273502973
273503633
273506193
273506493
273506713
273507743
273507793
273507853
273512983
273516153
273519003
273520103
273521433
273521523
273522823
273523243
273525133
273525443
273525723
273526823
273526883
273528193
273528813
273529573
273530293
273531043
273531213
273532163
273541933
273543543
273552453
273557353
273557583
273620143
273623703
273627183
273634873
273643463
273647133
273647963
273648283
273648403
273649333
273649843
273651803
273652083
273653563
273657323
273659743
273666023
273669453
273670733
273672753
273675423
273676803
273678523
273682483
273685883
273687923
273688153
273690603
273691033
273691263
273691853
273692033
273692133
273693453
273694853
273701333
273702343
273707783
273707963
273708143
273708363
273708623
273709223
273709883
273721473
273723383
273724793
273726433
273730633
273732743
273741853
273746253
273748913
273752693
273756763
273764283
273779383
273783183
273784893
273786113
273788293
273790683
273792463
273799403
273799823
273800163
273800453
273807743
273807853
273809293
273820003
273822903
273824933
273825843
273826833
273828073
273834723
273861293
273895123
273902953
273903503
273909423
273913353
273914493
273914763
273918013
273922253
273929313
273929993
273933833
273934003
273934333
273936393
273940243
273943213
273944133
273944663
273946963
273947093
273947553
273948293
273952573
273958533
273959783
273961763
273962013
273965613
273966273
273969733
273972283
273973983
273977293
273977903
273979073
273983343
273990643
273994183
273994533
273997813
273998943
274002393
274007043
274009263
274009923
274015823
274018663
274028913
274030663
274030883
274031203
274031513
274031843
274032353
274035653
274035903
274036263
274036593
274036613
274036633
274036893
274036903
274038353
274038403
274038443
274038483
274039573
274039603
274049093
274056353
274078953
274082433
274088653
274089023
274090513
274092513
274095133
274095393
274102283
274109133
274115433
274117833
274117973
274119383
274125053
274125453
274126503
274126523
274126603
274132023
274132823
274137293
274137823
274138253
274138303
274138353
274140593
274141623
274143293
274146243
274146463
274150173
274152013
274153793
274153923
274154833
274157093
274157983
274159963
274161283
274166093
274166993
274170393
274179733
274186573
274187543
274192983
274209673
274211673
274212033
274212513
274222603
274222923
274223363
274223703
274224103
274224433
274224963
274225803
274259473
274261483
274264093
274264353
274264473
274266703
274266873
274267123
274268933
274270293
274271773
274277023
274278593
274281553
274289663
274291853
274292203
274293373
274295793
274298043
274300063
274303143
274304083
274306073
274310253
274311153
274316493
274317193
274322433
274323143
274327403
274328813
274330803
274332063
274335013
274335353
274345733
274347743
274348523
274354413
274358903
274360703
274364693
274365083
274365293
274380833
274381073
274381283
274381753
274381933
274394363
274394513
274395593
274396053
274396613
274396913
274397253
274397433
274397703
274398173
274412883
274415813
274421883
274423963
274428103
274429053
274431943
274439873
274442623
274445173
274445733
274448853
274449213
274450983
274455753
274466183
274467363
274467423
274467933
274468993
274469373
274471223
274471573
274473293
274477613
274480593
274481543
274486833
274487073
274490773
274491213
274494163
274495313
274495353
274496023
274497743
274501853
274502563
274502583
274504393
274505143
274506473
274506563
274514553
274515073
274516043
274520053
274522533
274524193
274533103
274534233
274534393
274534593
274537903
274539753
274541263
274541813
274571643
274572713
274574863
274580883
274588853
274589213
274590143
274590463
274591563
274591653
274595503
274599313
274599373
274605753
274606513
274606953
274608043
274608273
274616883
274618603
274622433
274622743
274623883
274626763
274627943
274628583
274631903
274633773
274634173
274634203
274634293
274634903
274634993
274637993
274638253
274641183
274643093
274643743
274644413
274645223
274645913
274647373
274676953
274678923
274680633
274681143
274681343
274681463
274682213
274682773
274683663
274685563
274686283
274687283
274687653
274689313
274689493
274689563
274690613
274691433
274692153
274692603
274694323
274694603
274694693
274694793
274699723
274699853
274702993
274703473
274703663
274704213
274705163
274706103
274715493
274719103
274719243
274732043
274742133
274742233
274742863
274743723
274743893
274744613
274745623
274746413
274746773
274746863
274748153
274749143
274753473
274758033
274766503
274772183
274773033
274778143
274804673
274826933
274832223
274856643
274857133
274857153
274857213
274858433
274858803
274858913
274859343
274860033
274862723
274865603
274865733
274866923
274867103
274868793
274868853
274871923
274873643
274882373
274882963
274883283
274883663
274884323
274888933
274889743
274893033
274893763
274894043
274894713
274901043
274902733
274905943
274908633
274909203
274911433
274911793
274917643
274932883
274934673
274935773
274942483
274945773
274947533
274947873
274952283
274953693
274955503
274968933
274991703
275015433
275017723
275035343
275037823
275040743
275048883
275050703
275053353
275054653
275055623
275055663
275059583
275067623
275070913
275074543
275079153
275079333
275081293
275081333
275083063
275083633
275085383
275085853
275095263
275096513
275104623
275105113
275106873
275110113
275110203
275112023
275112703
275116823
275119583
275121923
275132153
275137133
275138083
275138313
275158553
275158563
275166893
